9486430,Y,2,3,3,0,0
9486431,Y,2,2,2,0,0
9486432,Y,2,3,3,0,0
9486457,Y,2,3,3,0,0
9486458,Y,2,2,2,0,0
9486459,Y,2,1,1,0,0
9486484,Y,2,4,4,0,0
9486485,Y,2,1,1,0,0
9486486,Y,2,2,2,0,0
9486538,Y,2,2,2,0,0
9486539,Y,2,12,12,0,0
9486540,Y,2,2,2,0,0
9486565,Y,2,3,3,0,0
9486566,Y,2,5,5,0,0
9486567,Y,2,1,1,0,0
9486592,Y,2,3,3,0,0
9486593,Y,2,2,2,0,0
9486594,Y,2,2,2,0,0
9486619,Y,2,2,2,0,0
9486620,Y,2,3,3,0,0
9486621,Y,2,2,2,0,0
9486646,Y,2,4,4,0,0
9486647,Y,2,11,11,0,0
9486648,Y,2,1,1,0,0
9486673,Y,2,2,2,0,0
9486674,Y,2,4,4,0,0
9486675,Y,2,2,2,0,0
9486700,Y,2,2,2,0,0
9486701,Y,2,8,8,0,0
9486702,Y,2,2,2,0,0
9486727,Y,2,2,2,0,0
9486728,Y,2,7,7,0,0
9486729,Y,2,2,2,0,0
9486754,Y,2,3,3,0,0
9486755,Y,2,6,6,0,0
9486756,Y,2,2,2,0,0
9486781,Y,2,4,4,0,0
9486782,Y,2,3,3,0,0
9486783,Y,2,2,2,0,0
9486808,Y,2,155,155,150,0
9486809,Y,2,3,3,0,0
9486810,Y,2,2,2,0,0
9486835,Y,2,162,162,150,0
9486836,Y,2,4,4,0,0
9486837,Y,2,1,1,0,0
9486862,Y,2,157,157,150,0
9486863,Y,2,3,3,0,0
9486864,Y,2,1,1,0,0
9493934,Y,2,23,23,20,0
9493935,Y,2,21,21,15,0
9493936,Y,2,19,19,17,0
9494062,Y,2,13,13,8,0
9494063,Y,2,6,6,3,0
9494064,Y,2,7,7,5,0
9494195,Y,2,24,24,22,0
9494196,Y,2,31,31,25,0
9494323,Y,2,12,12,11,0
9494324,Y,2,13,13,9,0
9495903,Y,2,52,52,47,0
9495904,Y,2,57,57,50,0
9495978,Y,2,105,105,100,0
9495979,Y,2,15,15,13,0
9495980,Y,2,23,23,22,0
9496216,Y,2,27,27,24,0
9496217,Y,2,48,48,43,0
9496218,Y,2,11,11,8,0
9496219,Y,2,51,51,45,0
9496396,Y,2,27,27,22,0
9496397,Y,2,20,20,18,0
9496472,Y,2,14,14,10,0
9496473,Y,2,4,4,2,0
9496589,Y,2,48,48,46,0
9496590,Y,2,44,44,43,0
9496705,Y,2,25,25,20,0
9496706,Y,2,11,11,10,0
9496831,Y,2,20,20,18,0
9496832,Y,2,21,21,20,0
9496957,Y,2,13,13,9,0
9496958,Y,2,11,11,8,0
9497036,Y,2,22,22,20,0
9497037,Y,2,10,10,7,0
9497163,Y,2,4,4,2,0
9497164,Y,2,10,10,1,0
9497165,Y,2,2,2,0,0
9497291,Y,2,19,19,16,0
9497292,Y,2,16,16,14,0
9497418,Y,2,23,23,20,0
9497419,Y,2,27,27,17,0
9497663,Y,2,34,34,28,0
9497665,Y,2,42,42,30,0
9497799,Y,2,17,17,12,0
9497800,Y,2,3,3,1,0
9497926,Y,2,21,21,18,0
9497927,Y,2,13,13,10,0
9498053,Y,2,22,22,17,0
9498054,Y,2,10,10,6,0
9498306,Y,2,23,23,17,0
9498307,Y,2,13,13,11,0
9498433,Y,2,13,13,12,0
9498434,Y,2,18,18,15,0
9498435,Y,2,9,9,8,0
9498561,Y,2,35,35,33,0
9498562,Y,2,18,18,16,0
9498815,Y,2,54,54,52,0
9498816,Y,2,16,16,15,0
9498941,Y,2,34,34,30,0
9498942,Y,2,12,12,7,0
9498943,Y,2,17,17,15,0
9499048,Y,2,25,25,22,0
9499049,Y,2,24,24,17,0
9499175,Y,2,9,9,7,0
9499176,Y,2,24,24,21,0
9499303,Y,2,24,24,22,0
9499304,Y,2,28,28,25,0
9499429,Y,2,25,25,21,0
9499430,Y,2,16,16,10,0
9499431,Y,2,26,26,23,0
9499685,Y,2,23,23,22,0
9499686,Y,2,20,20,18,0
9499687,Y,2,20,20,13,0
9499813,Y,2,13,13,5,0
9499814,Y,2,10,10,8,0
9499940,Y,2,9,9,8,0
9499941,Y,2,4,4,1,0
9500067,Y,2,5,5,3,0
9500068,Y,2,12,12,10,0
9500194,Y,2,17,17,15,0
9500195,Y,2,30,30,21,0
9500321,Y,2,38,38,35,0
9500322,Y,2,57,57,52,0
9500448,Y,2,29,29,24,0
9500449,Y,2,17,17,15,0
9500523,Y,2,15,15,13,0
9500524,Y,2,27,27,23,0
9500525,Y,2,14,14,13,0
9500652,Y,2,37,37,35,0
9500778,Y,2,3,3,2,0
9500779,Y,2,16,16,8,0
9500895,Y,2,67,67,62,0
9500896,Y,2,16,16,14,0
9500910,Y,2,56,56,54,0
9501158,Y,2,46,46,44,0
9501159,Y,2,81,81,79,0
9501160,Y,2,26,26,23,0
9501286,Y,2,25,25,18,0
9501287,Y,2,17,17,14,0
9501364,Y,2,5,5,1,0
9501365,Y,2,5,5,1,0
9501491,Y,2,13,13,8,0
9501492,Y,2,16,16,13,0
9501493,Y,2,10,10,7,0
9501619,Y,2,60,60,55,0
9501620,Y,2,25,25,23,0
9501745,Y,2,15,15,12,0
9501746,Y,2,14,14,8,0
9501747,Y,2,17,17,14,0
9501873,Y,2,30,30,27,0
9501874,Y,2,27,27,20,0
9501999,Y,2,36,36,33,0
9502000,Y,2,43,43,37,0
9502001,Y,2,16,16,14,0
9502127,Y,2,29,29,25,0
9502128,Y,2,32,32,26,0
9502254,Y,2,14,14,8,0
9502255,Y,2,12,12,10,0
9502364,Y,2,69,69,66,0
9502489,Y,2,3,3,0,0
9502491,Y,2,3,3,2,0
9502616,Y,2,61,61,58,0
9502617,Y,2,34,34,31,0
9502618,Y,2,35,35,34,0
9502744,Y,2,21,21,14,0
9502745,Y,2,2,2,1,0
9502870,Y,2,39,39,37,0
9502871,Y,2,49,49,47,0
9502872,Y,2,4,4,3,0
9502998,Y,2,85,85,82,0
9502999,Y,2,18,18,17,0
9503105,Y,2,30,30,26,0
9503106,Y,2,12,12,8,0
9503232,Y,2,43,43,40,0
9503233,Y,2,25,25,22,0
9503308,Y,2,17,17,10,0
9503309,Y,2,13,13,10,0
9503384,Y,2,19,19,13,0
9503385,Y,2,9,9,7,0
9503517,Y,2,20,20,17,0
9503518,Y,2,19,19,14,0
9503519,Y,2,9,9,6,0
9503645,Y,2,34,34,29,0
9503646,Y,2,37,37,25,0
9503647,Y,2,21,21,19,0
9503773,Y,2,9,9,7,0
9503774,Y,2,7,7,1,0
9503775,Y,2,14,14,12,0
9503901,Y,2,29,29,25,0
9503902,Y,2,16,16,14,0
9504283,Y,2,59,59,58,0
9504284,Y,2,23,23,22,0
9504388,Y,2,47,47,44,0
9504389,Y,2,45,45,42,0
9504494,Y,2,51,51,50,0
9504495,Y,2,31,31,29,0
9504496,Y,2,37,37,31,0
9504621,Y,2,13,13,10,0
9504622,Y,2,17,17,14,0
9504623,Y,2,6,6,5,0
9504748,Y,2,45,45,38,0
9504749,Y,2,30,30,28,0
9504876,Y,2,36,36,31,0
9504877,Y,2,27,27,26,0
9505004,Y,2,45,45,38,0
9505005,Y,2,27,27,25,0
9505006,Y,2,30,30,29,0
9505131,Y,2,36,36,31,0
9505132,Y,2,22,22,19,0
9505249,Y,2,39,39,33,0
9505250,Y,2,20,20,10,0
9505251,Y,2,35,35,28,0
9505367,Y,2,39,39,37,0
9505368,Y,2,37,37,35,0
9505494,Y,2,10,10,8,0
9505495,Y,2,10,10,7,0
9505496,Y,2,5,5,2,0
9505622,Y,2,26,26,24,0
9505623,Y,2,13,13,9,0
9505748,Y,2,36,36,30,0
9505749,Y,2,15,15,13,0
9505875,Y,2,62,62,58,0
9505876,Y,2,49,49,45,0
9505877,Y,2,66,66,57,0
9506173,Y,2,33,33,28,0
9506174,Y,2,19,19,14,0
9506370,Y,2,20,20,12,0
9506371,Y,2,7,7,2,0
9506491,Y,2,26,26,24,0
9506492,Y,2,26,26,21,0
9506617,Y,2,18,18,14,0
9506618,Y,2,9,9,7,0
9506745,Y,2,30,30,23,0
9506746,Y,2,20,20,17,0
9506864,Y,2,19,19,16,0
9506865,Y,2,7,7,5,0
9506992,Y,2,21,21,15,0
9506993,Y,2,6,6,3,0
9507119,Y,2,7,7,4,0
9507120,Y,2,4,4,3,0
9507245,Y,2,7,7,6,0
9507246,Y,2,46,46,37,0
9507247,Y,2,18,18,16,0
9507504,Y,2,21,21,20,0
9507505,Y,2,23,23,21,0
9507631,Y,2,16,16,12,0
9507632,Y,2,16,16,12,0
9507633,Y,2,3,3,2,0
9507751,Y,2,55,55,51,0
9507752,Y,2,44,44,42,0
9507873,Y,2,3,3,1,0
9507999,Y,2,12,12,9,0
9508000,Y,2,12,12,10,0
9508126,Y,2,14,14,12,0
9508127,Y,2,11,11,6,0
9508253,Y,2,9,9,5,0
9508254,Y,2,33,33,22,0
9508379,Y,2,35,35,35,0
9508380,Y,2,10,10,9,0
9508381,Y,2,10,10,8,0
9508500,Y,2,7,7,3,0
9508501,Y,2,15,15,8,0
9508627,Y,2,41,41,36,0
9508628,Y,2,9,9,6,0
9508881,Y,2,17,17,12,0
9508882,Y,2,14,14,12,0
9508998,Y,2,32,32,25,0
9508999,Y,2,12,12,9,0
9509140,Y,2,40,40,34,0
9509141,Y,2,26,26,20,0
9509142,Y,2,14,14,13,0
9509370,Y,2,26,26,23,0
9509371,Y,2,25,25,23,0
9509488,Y,2,41,41,39,0
9509489,Y,2,70,70,69,0
9509599,Y,2,25,25,22,0
9509600,Y,2,30,30,28,0
9509851,Y,2,35,35,35,0
9509852,Y,2,22,22,20,0
9509853,Y,2,31,31,29,0
9510188,Y,2,24,24,21,0
9510189,Y,2,11,11,9,0
9510322,Y,2,29,29,27,0
9510323,Y,2,34,34,31,0
9510443,Y,2,27,27,24,0
9510444,Y,2,36,36,35,0
9510445,Y,2,26,26,23,0
9510564,Y,2,35,35,35,0
9510565,Y,2,16,16,14,0
9510691,Y,2,28,28,25,0
9510692,Y,2,29,29,23,0
9510693,Y,2,52,52,50,0
9510818,Y,2,43,43,41,0
9510819,Y,2,29,29,27,0
9510946,Y,2,37,37,35,0
9510947,Y,2,33,33,22,0
9511072,Y,2,42,42,38,0
9511073,Y,2,73,73,68,0
9511074,Y,2,30,30,28,0
9511199,Y,2,14,14,12,0
9511200,Y,2,26,26,22,0
9511326,Y,2,45,45,42,0
9511327,Y,2,25,25,21,0
9511447,Y,2,18,18,15,0
9511448,Y,2,41,41,32,0
9511566,Y,2,43,43,40,0
9511567,Y,2,47,47,44,0
9511568,Y,2,15,15,12,0
9511694,Y,2,154,154,150,0
9511695,Y,2,23,23,19,0
9511696,Y,2,30,30,28,0
9511822,Y,2,47,47,45,0
9511823,Y,2,36,36,28,0
9511949,Y,2,154,154,150,0
9511950,Y,2,151,151,148,0
9511951,Y,2,153,153,150,0
9512203,Y,2,54,54,52,0
9512204,Y,2,54,54,46,0
9512205,Y,2,42,42,41,0
9512330,Y,2,38,38,31,0
9512331,Y,2,20,20,16,0
9512332,Y,2,18,18,15,0
9512509,Y,2,22,22,16,0
9512510,Y,2,35,35,33,0
9512603,Y,2,25,25,24,0
9512696,Y,2,46,46,42,0
9512697,Y,2,62,62,49,0
9512823,Y,2,44,44,40,0
9512824,Y,2,47,47,41,0
9512825,Y,2,27,27,24,0
9512951,Y,2,47,47,45,0
9512952,Y,2,38,38,36,0
9513071,Y,2,42,42,40,0
9513072,Y,2,54,54,51,0
9513192,Y,2,20,20,19,0
9513193,Y,2,33,33,30,0
9513194,Y,2,42,42,40,0
9513320,Y,2,14,14,13,0
9513321,Y,2,10,10,8,0
9513556,Y,2,19,19,17,0
9513557,Y,2,26,26,18,0
9513558,Y,2,12,12,11,0
9513929,Y,2,17,17,13,0
9513930,Y,2,30,30,29,0
9513931,Y,2,11,11,10,0
9514057,Y,2,31,31,28,0
9514058,Y,2,67,67,58,0
9514184,Y,2,11,11,7,0
9514185,Y,2,25,25,22,0
9514319,Y,2,34,34,29,0
9514320,Y,2,20,20,18,0
9514321,Y,2,22,22,20,0
9514446,Y,2,63,63,61,0
9514447,Y,2,8,8,5,0
9514448,Y,2,72,72,70,0
9514577,Y,2,31,31,28,0
9514578,Y,2,6,6,4,0
9514579,Y,2,14,14,12,0
9514882,Y,2,10,10,8,0
9514883,Y,2,8,8,4,0
9514884,Y,2,14,14,13,0
9515009,Y,2,8,8,7,0
9515010,Y,2,33,33,26,0
9515011,Y,2,22,22,20,0
9515136,Y,2,23,23,20,0
9515137,Y,2,16,16,13,0
9515138,Y,2,14,14,13,0
9515263,Y,2,14,14,11,0
9515264,Y,2,18,18,14,0
9515265,Y,2,7,7,5,0
9515350,Y,2,12,12,7,0
9515351,Y,2,6,6,4,0
9515381,Y,2,14,14,8,0
9515382,Y,2,12,12,10,0
9515412,Y,2,20,20,15,0
9515413,Y,2,18,18,16,0
9515443,Y,2,21,21,15,0
9515444,Y,2,20,20,18,0
9515473,Y,2,9,9,5,0
9515474,Y,2,14,14,7,0
9515475,Y,2,2,2,0,0
9515628,Y,2,9,9,1,0
9515629,Y,2,14,14,2,0
9515754,Y,2,11,11,10,0
9515755,Y,2,35,35,33,0
9515756,Y,2,22,22,20,0
9515881,Y,2,18,18,17,0
9515882,Y,2,16,16,11,0
9515883,Y,2,19,19,15,0
9516008,Y,2,12,12,10,0
9516009,Y,2,10,10,8,0
9516010,Y,2,14,14,9,0
9516135,Y,2,9,9,7,0
9516136,Y,2,19,19,14,0
9516137,Y,2,14,14,13,0
9516263,Y,2,112,112,109,0
9516264,Y,2,16,16,13,0
9516389,Y,2,8,8,5,0
9516390,Y,2,11,11,8,0
9516391,Y,2,4,4,3,0
9516516,Y,2,3,3,1,0
9516517,Y,2,11,11,5,0
9516518,Y,2,20,20,12,0
9516644,Y,2,28,28,24,0
9516645,Y,2,17,17,8,0
9516770,Y,2,40,40,34,0
9516771,Y,2,63,63,51,0
9516772,Y,2,21,21,20,0
9516897,Y,2,24,24,22,0
9516898,Y,2,40,40,32,0
9517025,Y,2,24,24,17,0
9517026,Y,2,17,17,11,0
9517151,Y,2,24,24,22,0
9517152,Y,2,28,28,20,0
9517153,Y,2,11,11,9,0
9517278,Y,2,25,25,22,0
9517279,Y,2,32,32,29,0
9517280,Y,2,11,11,10,0
9517406,Y,2,14,14,3,0
9517407,Y,2,2,2,0,0
9517482,Y,2,16,16,12,0
9517720,Y,2,2,2,1,0
9517721,Y,2,9,9,0,0
9517722,Y,2,15,15,13,0
9517723,Y,2,44,44,42,0
9517724,Y,2,7,7,5,0
9517725,Y,2,32,32,31,0
9517858,Y,2,24,24,22,0
9517859,Y,2,22,22,19,0
9517860,Y,2,18,18,16,0
9517935,Y,2,5,5,2,0
9518057,Y,2,10,10,9,0
9518058,Y,2,12,12,8,0
9518059,Y,2,15,15,13,0
9518184,Y,2,43,43,40,0
9518185,Y,2,31,31,25,0
9518186,Y,2,12,12,9,0
9518312,Y,2,4,4,0,0
9518313,Y,2,10,10,4,0
9518438,Y,2,33,33,29,0
9518439,Y,2,6,6,3,0
9518440,Y,2,30,30,28,0
9518578,Y,2,41,41,36,0
9518579,Y,2,9,9,6,0
9518580,Y,2,9,9,7,0
9518718,Y,2,31,31,29,0
9518719,Y,2,55,55,52,0
9518720,Y,2,37,37,36,0
9518845,Y,2,30,30,27,0
9518846,Y,2,13,13,10,0
9518847,Y,2,7,7,6,0
9518963,Y,2,40,40,37,0
9518964,Y,2,14,14,12,0
9519209,Y,2,11,11,9,0
9519210,Y,2,35,35,30,0
9520183,Y,2,11,11,2,0
9520184,Y,2,35,35,28,0
9520300,Y,2,31,31,29,0
9520301,Y,2,8,8,6,0
9520479,Y,2,10,10,9,0
9520480,Y,2,13,13,7,0
9520605,Y,2,50,50,48,0
9520606,Y,2,38,38,31,0
9520607,Y,2,19,19,18,0
9520783,Y,2,110,110,108,0
9520784,Y,2,64,64,57,0
9520785,Y,2,70,70,69,0
9520911,Y,2,73,73,69,0
9520912,Y,2,54,54,50,0
9521037,Y,2,67,67,63,0
9521038,Y,2,73,73,70,0
9521039,Y,2,67,67,64,0
9521164,Y,2,38,38,33,0
9521165,Y,2,25,25,21,0
9521166,Y,2,8,8,7,0
9521800,Y,2,16,16,8,0
9521801,Y,2,14,14,5,0
9521926,Y,2,39,39,33,0
9521927,Y,2,18,18,14,0
9521928,Y,2,26,26,23,0
9522096,Y,2,29,29,26,0
9522097,Y,2,18,18,14,0
9522223,Y,2,26,26,23,0
9522224,Y,2,25,25,24,0
9522342,Y,2,31,31,25,0
9522343,Y,2,26,26,17,0
9522462,Y,2,17,17,14,0
9522463,Y,2,19,19,17,0
9522464,Y,2,12,12,10,0
9522717,Y,2,5,5,3,0
9522718,Y,2,10,10,8,0
9522844,Y,2,9,9,7,0
9522845,Y,2,5,5,2,0
9522971,Y,2,19,19,18,0
9522972,Y,2,16,16,9,0
9523098,Y,2,10,10,4,0
9523099,Y,2,14,14,5,0
9523225,Y,2,17,17,11,0
9523226,Y,2,7,7,0,0
9523351,Y,2,11,11,6,0
9523352,Y,2,14,14,10,0
9523353,Y,2,2,2,0,0
9523479,Y,2,6,6,4,0
9523480,Y,2,5,5,3,0
9523605,Y,2,3,3,0,0
9523606,Y,2,7,7,0,0
9523607,Y,2,2,2,0,0
9523732,Y,2,11,11,8,0
9523733,Y,2,2,2,0,0
9523734,Y,2,10,10,8,0
9523859,Y,2,5,5,3,0
9523860,Y,2,5,5,1,0
9523861,Y,2,3,3,1,0
9523986,Y,2,4,4,1,0
9523987,Y,2,7,7,5,0
9524114,Y,2,36,36,29,0
9524115,Y,2,47,47,45,0
9524240,Y,2,49,49,46,0
9524241,Y,2,26,26,22,0
9524242,Y,2,20,20,17,0
9524367,Y,2,116,116,114,0
9524368,Y,2,23,23,16,0
9524369,Y,2,19,19,18,0
9524494,Y,2,38,38,35,0
9524495,Y,2,15,15,14,0
9524496,Y,2,7,7,5,0
9524621,Y,2,34,34,30,0
9524622,Y,2,25,25,23,0
9524623,Y,2,4,4,2,0
9524748,Y,2,10,10,7,0
9524749,Y,2,15,15,5,0
9524877,Y,2,12,12,11,0
9524878,Y,2,8,8,6,0
9525004,Y,2,15,15,13,0
9525005,Y,2,53,53,49,0
9525006,Y,2,23,23,21,0
9525483,Y,2,9,9,7,0
9525484,Y,2,30,30,25,0
9525485,Y,2,16,16,15,0
9525610,Y,2,30,30,28,0
9525611,Y,2,22,22,20,0
9525738,Y,2,22,22,13,0
9525739,Y,2,30,30,28,0
9525854,Y,2,39,39,32,0
9525855,Y,2,10,10,7,0
9525941,Y,2,14,14,10,0
9525942,Y,2,27,27,20,0
9526016,Y,2,37,37,34,0
9526017,Y,2,36,36,32,0
9526018,Y,2,37,37,35,0
9526271,Y,2,35,35,31,0
9526272,Y,2,27,27,26,0
9526398,Y,2,15,15,12,0
9526399,Y,2,21,21,20,0
9526525,Y,2,25,25,18,0
9526526,Y,2,41,41,29,0
9526651,Y,2,44,44,41,0
9526652,Y,2,19,19,14,0
9526653,Y,2,49,49,46,0
9526778,Y,2,36,36,35,0
9526779,Y,2,27,27,24,0
9526780,Y,2,13,13,12,0
9527023,Y,2,11,11,9,0
9527024,Y,2,11,11,9,0
9527151,Y,2,32,32,25,0
9527152,Y,2,28,28,17,0
9527278,Y,2,88,88,84,0
9527279,Y,2,26,26,18,0
9527456,Y,2,29,29,26,0
9527457,Y,2,27,27,25,0
9527582,Y,2,27,27,24,0
9527583,Y,2,17,17,14,0
9527584,Y,2,13,13,12,0
9527952,Y,2,30,30,27,0
9527953,Y,2,7,7,4,0
9527954,Y,2,23,23,15,0
9527955,Y,2,8,8,6,0
9527956,Y,2,13,13,11,0
9527957,Y,2,7,7,5,0
9528090,Y,2,31,31,28,0
9528091,Y,2,35,35,28,0
9528092,Y,2,28,28,25,0
9528217,Y,2,32,32,29,0
9528218,Y,2,20,20,18,0
9528617,Y,2,42,42,39,0
9528618,Y,2,41,41,39,0
9528743,Y,2,29,29,22,0
9528744,Y,2,26,26,24,0
9528868,Y,2,25,25,21,0
9528869,Y,2,28,28,23,0
9528960,Y,2,33,33,29,0
9528961,Y,2,19,19,14,0
9528962,Y,2,22,22,18,0
9529052,Y,2,15,15,13,0
9529053,Y,2,17,17,15,0
9529177,Y,2,10,10,7,0
9529178,Y,2,21,21,19,0
9529301,Y,2,27,27,23,0
9529302,Y,2,14,14,6,0
9529548,Y,2,27,27,25,0
9529549,Y,2,15,15,12,0
9529550,Y,2,14,14,11,0
9529669,Y,2,21,21,19,0
9529670,Y,2,18,18,16,0
9529790,Y,2,11,11,8,0
9529791,Y,2,15,15,13,0
9529918,Y,2,12,12,10,0
9529919,Y,2,12,12,10,0
9530044,Y,2,21,21,19,0
9530045,Y,2,22,22,19,0
9530046,Y,2,51,51,50,0
9530172,Y,2,38,38,30,0
9530173,Y,2,37,37,33,0
9530298,Y,2,36,36,30,0
9530299,Y,2,29,29,25,0
9530300,Y,2,29,29,26,0
9530406,Y,2,26,26,24,0
9530407,Y,2,38,38,30,0
9530514,Y,2,35,35,35,0
9530515,Y,2,31,31,28,0
9530618,Y,2,26,26,24,0
9530619,Y,2,19,19,17,0
9530620,Y,2,30,30,22,0
9530721,Y,2,51,51,48,0
9530722,Y,2,36,36,32,0
9530850,Y,2,16,16,14,0
9530851,Y,2,9,9,1,0
9530977,Y,2,15,15,11,0
9530978,Y,2,11,11,10,0
9531103,Y,2,26,26,24,0
9531104,Y,2,23,23,19,0
9531105,Y,2,1,1,0,0
9531233,Y,2,38,38,33,0
9531234,Y,2,19,19,16,0
9531373,Y,2,31,31,29,0
9531374,Y,2,8,8,6,0
9531499,Y,2,21,21,18,0
9531500,Y,2,11,11,3,0
9531501,Y,2,5,5,2,0
9531640,Y,2,50,50,47,0
9531641,Y,2,55,55,49,0
9531767,Y,2,56,56,53,0
9531768,Y,2,38,38,31,0
9531893,Y,2,42,42,39,0
9531894,Y,2,33,33,29,0
9531895,Y,2,54,54,46,0
9532021,Y,2,43,43,39,0
9532022,Y,2,27,27,25,0
9532147,Y,2,38,38,33,0
9532148,Y,2,40,40,38,0
9532149,Y,2,21,21,19,0
9532275,Y,2,33,33,23,0
9532276,Y,2,36,36,34,0
9532401,Y,2,47,47,46,0
9532402,Y,2,37,37,28,0
9532403,Y,2,17,17,15,0
9532528,Y,2,13,13,10,0
9532529,Y,2,6,6,5,0
9532530,Y,2,19,19,17,0
9532604,Y,2,46,46,45,0
9532605,Y,2,37,37,35,0
9532681,Y,2,21,21,20,0
9532682,Y,2,6,6,3,0
9532808,Y,2,58,58,52,0
9532809,Y,2,14,14,12,0
9532810,Y,2,28,28,26,0
9532936,Y,2,16,16,9,0
9532937,Y,2,17,17,16,0
9533062,Y,2,35,35,30,0
9533063,Y,2,25,25,23,0
9533064,Y,2,31,31,28,0
9533190,Y,2,19,19,18,0
9533191,Y,2,8,8,7,0
9533316,Y,2,51,51,47,0
9533317,Y,2,10,10,8,0
9533318,Y,2,31,31,28,0
9533444,Y,2,17,17,11,0
9533445,Y,2,26,26,17,0
9533570,Y,2,27,27,25,0
9533571,Y,2,13,13,5,0
9533572,Y,2,16,16,15,0
9533698,Y,2,7,7,6,0
9533699,Y,2,10,10,8,0
9533824,Y,2,23,23,18,0
9533825,Y,2,31,31,28,0
9533826,Y,2,20,20,19,0
9533951,Y,2,31,31,23,0
9533952,Y,2,14,14,13,0
9533953,Y,2,14,14,12,0
9534078,Y,2,21,21,19,0
9534079,Y,2,26,26,17,0
9534080,Y,2,12,12,10,0
9534190,Y,2,7,7,4,0
9534191,Y,2,16,16,8,0
9534192,Y,2,2,2,0,0
9534447,Y,2,61,61,55,0
9534448,Y,2,66,66,64,0
9534573,Y,2,39,39,36,0
9534574,Y,2,43,43,39,0
9534575,Y,2,36,36,34,0
9534649,Y,2,55,55,52,0
9534650,Y,2,58,58,54,0
9534651,Y,2,32,32,29,0
9534726,Y,2,46,46,41,0
9534727,Y,2,34,34,30,0
9534853,Y,2,14,14,7,0
9534854,Y,2,15,15,4,0
9535107,Y,2,19,19,12,0
9535108,Y,2,13,13,11,0
9535234,Y,2,9,9,2,0
9535235,Y,2,8,8,0,0
9535320,Y,2,6,6,3,0
9535321,Y,2,3,3,0,0
9535444,Y,2,32,32,23,0
9535445,Y,2,7,7,4,0
9535446,Y,2,7,7,5,0
9535572,Y,2,8,8,3,0
9535573,Y,2,2,2,1,0
9535748,Y,2,9,9,7,0
9535749,Y,2,2,2,0,0
9535750,Y,2,6,6,4,0
9535751,Y,2,3,3,0,0
9535752,Y,2,6,6,4,0
9535903,Y,2,12,12,9,0
9535904,Y,2,15,15,13,0
9536142,Y,2,44,44,41,0
9536143,Y,2,12,12,9,0
9536269,Y,2,24,24,23,0
9536270,Y,2,26,26,17,0
9536639,Y,2,40,40,34,0
9536641,Y,2,29,29,22,0
9536643,Y,2,35,35,33,0
9536776,Y,2,5,5,4,0
9536777,Y,2,4,4,1,0
9536778,Y,2,3,3,2,0
9536903,Y,2,41,41,38,0
9536904,Y,2,20,20,19,0
9536905,Y,2,6,6,5,0
9537008,Y,2,12,12,10,0
9537009,Y,2,14,14,1,0
9537113,Y,2,34,34,32,0
9537114,Y,2,27,27,15,0
9537115,Y,2,20,20,17,0
9537240,Y,2,108,108,100,0
9537241,Y,2,30,30,25,0
9537242,Y,2,13,13,12,0
9537368,Y,2,35,35,29,0
9537369,Y,2,11,11,9,0
9537480,Y,2,23,23,22,0
9537481,Y,2,21,21,10,0
9537738,Y,2,17,17,15,0
9537863,Y,2,2,2,0,0
9537864,Y,2,12,12,6,0
9537865,Y,2,4,4,2,0
9537975,Y,2,9,9,7,0
9537976,Y,2,7,7,4,0
9538102,Y,2,42,42,39,0
9538104,Y,2,13,13,11,0
9538223,Y,2,7,7,5,0
9538224,Y,2,10,10,3,0
9538350,Y,2,7,7,4,0
9538351,Y,2,7,7,0,0
9538476,Y,2,17,17,13,0
9538477,Y,2,12,12,7,0
9538478,Y,2,16,16,13,0
9538604,Y,2,10,10,6,0
9538605,Y,2,2,2,0,0
9538730,Y,2,20,20,17,0
9538731,Y,2,5,5,1,0
9538732,Y,2,6,6,4,0
9538857,Y,2,23,23,19,0
9538858,Y,2,3,3,0,0
9538859,Y,2,5,5,2,0
9538985,Y,2,18,18,13,0
9538986,Y,2,9,9,8,0
9539104,Y,2,11,11,7,0
9539105,Y,2,13,13,10,0
9539232,Y,2,27,27,25,0
9539233,Y,2,17,17,12,0
9539355,Y,2,18,18,16,0
9539356,Y,2,10,10,8,0
9539357,Y,2,20,20,18,0
9539483,Y,2,21,21,18,0
9539484,Y,2,6,6,3,0
9539606,Y,2,16,16,14,0
9539607,Y,2,9,9,6,0
9539734,Y,2,27,27,25,0
9539735,Y,2,23,23,16,0
9539861,Y,2,26,26,21,0
9539862,Y,2,17,17,15,0
9539971,Y,2,22,22,19,0
9539972,Y,2,21,21,19,0
9540080,Y,2,28,28,22,0
9540081,Y,2,11,11,0,0
9540205,Y,2,20,20,18,0
9540206,Y,2,30,30,28,0
9540332,Y,2,7,7,3,0
9540333,Y,2,14,14,11,0
9540334,Y,2,17,17,14,0
9540460,Y,2,64,64,56,0
9540461,Y,2,41,41,37,0
9540599,Y,2,33,33,29,0
9540600,Y,2,15,15,7,0
9540939,Y,2,21,21,18,0
9540940,Y,2,65,65,59,0
9540941,Y,2,22,22,19,0
9541057,Y,2,19,19,16,0
9541058,Y,2,10,10,8,0
9541072,Y,2,11,11,9,0
9541193,Y,2,26,26,23,0
9541194,Y,2,46,46,42,0
9541320,Y,2,11,11,9,0
9541321,Y,2,9,9,8,0
9541322,Y,2,4,4,3,0
9541569,Y,2,34,34,30,0
9541570,Y,2,20,20,18,0
9541571,Y,2,23,23,21,0
9541696,Y,2,9,9,6,0
9541697,Y,2,24,24,19,0
9541698,Y,2,7,7,5,0
9541823,Y,2,25,25,23,0
9541824,Y,2,11,11,8,0
9541825,Y,2,13,13,9,0
9541951,Y,2,27,27,25,0
9541952,Y,2,16,16,4,0
9542077,Y,2,12,12,9,0
9542078,Y,2,25,25,21,0
9542079,Y,2,11,11,10,0
9542205,Y,2,14,14,10,0
9542206,Y,2,8,8,5,0
9542391,Y,2,55,55,52,0
9542392,Y,2,52,52,47,0
9542393,Y,2,76,76,74,0
9542496,Y,2,64,64,62,0
9542497,Y,2,34,34,27,0
9542498,Y,2,32,32,30,0
9542623,Y,2,44,44,42,0
9542624,Y,2,41,41,34,0
9542625,Y,2,55,55,53,0
9542751,Y,2,102,102,99,0
9542752,Y,2,92,92,86,0
9542855,Y,2,59,59,55,0
9542856,Y,2,54,54,49,0
9542857,Y,2,52,52,50,0
9542982,Y,2,20,20,19,0
9542983,Y,2,11,11,6,0
9542984,Y,2,10,10,6,0
9543110,Y,2,48,48,46,0
9543111,Y,2,36,36,29,0
9543236,Y,2,36,36,33,0
9543237,Y,2,45,45,43,0
9543238,Y,2,32,32,30,0
9543364,Y,2,41,41,39,0
9543365,Y,2,28,28,23,0
9543491,Y,2,60,60,54,0
9543492,Y,2,45,45,37,0
9543617,Y,2,38,38,33,0
9543618,Y,2,37,37,33,0
9543619,Y,2,20,20,18,0
9543688,Y,2,18,18,13,0
9543689,Y,2,20,20,18,0
9543757,Y,2,32,32,27,0
9543758,Y,2,6,6,4,0
9543883,Y,2,6,6,4,0
9543884,Y,2,10,10,8,0
9544009,Y,2,38,38,32,0
9544010,Y,2,41,41,40,0
9544136,Y,2,21,21,19,0
9544137,Y,2,17,17,13,0
9544256,Y,2,37,37,31,0
9544257,Y,2,59,59,56,0
9544258,Y,2,28,28,26,0
9544377,Y,2,26,26,20,0
9544378,Y,2,15,15,9,0
9544505,Y,2,15,15,3,0
9544631,Y,2,106,106,100,0
9544632,Y,2,106,106,100,0
9544758,Y,2,5,5,4,0
9544759,Y,2,10,10,4,0
9544885,Y,2,102,102,100,0
9544886,Y,2,7,7,1,0
9545011,Y,2,94,94,91,0
9545012,Y,2,12,12,9,0
9545013,Y,2,14,14,11,0
9545139,Y,2,12,12,7,0
9545140,Y,2,5,5,2,0
9545265,Y,2,13,13,10,0
9545266,Y,2,18,18,11,0
9545267,Y,2,20,20,17,0
9545393,Y,2,24,24,19,0
9545394,Y,2,8,8,5,0
9545512,Y,2,104,104,100,0
9545513,Y,2,107,107,100,0
9545514,Y,2,101,101,100,0
9545633,Y,2,25,25,20,0
9545634,Y,2,19,19,16,0
9545752,Y,2,31,31,25,0
9545753,Y,2,11,11,11,0
9545754,Y,2,11,11,10,0
9545875,Y,2,18,18,17,0
9545876,Y,2,17,17,15,0
9546596,Y,2,5,5,0,0
9546597,Y,2,20,20,18,0
9546671,Y,2,19,19,17,0
9546672,Y,2,4,4,1,0
9546798,Y,2,17,17,12,0
9546799,Y,2,9,9,8,0
9546902,Y,2,11,11,8,0
9546903,Y,2,11,11,10,0
9547063,Y,2,12,12,8,0
9547064,Y,2,15,15,14,0
9547233,Y,2,3,3,1,0
9547234,Y,2,6,6,3,0
9547248,Y,2,24,24,21,0
9547420,Y,2,10,10,9,0
9547421,Y,2,10,10,6,0
9547422,Y,2,12,12,11,0
9547496,Y,2,4,4,1,0
9547497,Y,2,3,3,0,0
9547623,Y,2,5,5,2,0
9547624,Y,2,21,21,14,0
9547625,Y,2,9,9,6,0
9547750,Y,2,157,157,150,0
9547751,Y,2,154,154,150,0
9547752,Y,2,49,49,48,0
9547877,Y,2,13,13,9,0
9547878,Y,2,20,20,16,0
9547879,Y,2,7,7,5,0
9548004,Y,2,12,12,10,0
9548005,Y,2,7,7,5,0
9548081,Y,2,14,14,8,0
9548082,Y,2,10,10,3,0
9548185,Y,2,45,45,40,0
9548186,Y,2,24,24,20,0
9548313,Y,2,9,9,7,0
9548314,Y,2,7,7,2,0
9548440,Y,2,16,16,11,0
9548441,Y,2,36,36,24,0
9548567,Y,2,38,38,32,0
9548568,Y,2,24,24,20,0
9548693,Y,2,41,41,32,0
9548694,Y,2,21,21,17,0
9548695,Y,2,18,18,16,0
9548776,Y,2,38,38,37,0
9548777,Y,2,27,27,23,0
9548858,Y,2,43,43,39,0
9548859,Y,2,26,26,19,0
9548984,Y,2,88,88,85,0
9548985,Y,2,32,32,27,0
9548986,Y,2,13,13,11,0
9549111,Y,2,31,31,23,0
9549112,Y,2,17,17,16,0
9549113,Y,2,15,15,14,0
9549239,Y,2,10,10,5,0
9549240,Y,2,11,11,7,0
9549366,Y,2,20,20,14,0
9549367,Y,2,34,34,23,0
9549492,Y,2,5,5,3,0
9549493,Y,2,4,4,2,0
9549619,Y,2,22,22,19,0
9549620,Y,2,37,37,32,0
9549745,Y,2,17,17,13,0
9549746,Y,2,18,18,14,0
9549747,Y,2,19,19,17,0
9549931,Y,2,15,15,13,0
9549932,Y,2,31,31,27,0
9549933,Y,2,26,26,24,0
9550059,Y,2,12,12,9,0
9550060,Y,2,8,8,6,0
9550442,Y,2,26,26,25,0
9550443,Y,2,16,16,8,0
9550569,Y,2,16,16,9,0
9550570,Y,2,59,59,56,0
9550695,Y,2,20,20,16,0
9550696,Y,2,22,22,22,0
9550697,Y,2,31,31,29,0
9550951,Y,2,15,15,14,0
9551076,Y,2,41,41,34,0
9551077,Y,2,23,23,18,0
9551078,Y,2,52,52,47,0
9551382,Y,2,117,117,114,0
9551383,Y,2,45,45,44,0
9551384,Y,2,25,25,24,0
9551497,Y,2,43,43,40,0
9551498,Y,2,39,39,38,0
9551499,Y,2,35,35,33,0
9551625,Y,2,156,156,150,0
9551626,Y,2,127,127,116,0
9551751,Y,2,157,157,150,0
9551752,Y,2,120,120,116,0
9551753,Y,2,118,118,117,0
9551917,Y,2,44,44,38,0
9551918,Y,2,32,32,29,0
9551919,Y,2,55,55,54,0
9552167,Y,2,12,12,6,0
9552168,Y,2,12,12,4,0
9552293,Y,2,20,20,19,0
9552294,Y,2,11,11,5,0
9552295,Y,2,10,10,7,0
9552627,Y,2,48,48,46,0
9552731,Y,2,72,72,65,0
9552732,Y,2,44,44,39,0
9552830,Y,2,68,68,66,0
9552831,Y,2,105,105,101,0
9552832,Y,2,64,64,63,0
9552954,Y,2,159,159,150,0
9552955,Y,2,86,86,84,0
9552956,Y,2,89,89,87,0
9553081,Y,2,70,70,69,0
9553082,Y,2,41,41,38,0
9553212,Y,2,126,126,124,0
9553213,Y,2,41,41,37,0
9553214,Y,2,16,16,14,0
9553343,Y,2,32,32,29,0
9553344,Y,2,34,34,32,0
9553345,Y,2,29,29,27,0
9553485,Y,2,20,20,17,0
9553486,Y,2,16,16,7,0
9553625,Y,2,152,152,150,0
9553626,Y,2,152,152,150,0
9553627,Y,2,42,42,40,0
9553753,Y,2,20,20,19,0
9553754,Y,2,15,15,8,0
9553879,Y,2,48,48,45,0
9553880,Y,2,44,44,41,0
9553881,Y,2,14,14,12,0
9554136,Y,2,39,39,36,0
9554137,Y,2,42,42,33,0
9554262,Y,2,58,58,55,0
9554263,Y,2,57,57,49,0
9554264,Y,2,52,52,50,0
9554411,Y,2,12,12,8,0
9554412,Y,2,2,2,0,0
9554537,Y,2,32,32,28,0
9554538,Y,2,34,34,30,0
9554539,Y,2,31,31,28,0
9554665,Y,2,31,31,24,0
9554666,Y,2,11,11,4,0
9554791,Y,2,51,51,48,0
9554792,Y,2,52,52,49,0
9554793,Y,2,38,38,36,0
9554911,Y,2,7,7,3,0
9554912,Y,2,2,2,0,0
9555030,Y,2,32,32,29,0
9555031,Y,2,26,26,23,0
9555156,Y,2,3,3,0,0
9555157,Y,2,2,2,0,0
9555282,Y,2,32,32,28,0
9555283,Y,2,28,28,22,0
9555284,Y,2,25,25,23,0
9555401,Y,2,22,22,15,0
9555402,Y,2,12,12,3,0
9555518,Y,2,40,40,34,0
9555519,Y,2,34,34,33,0
9555643,Y,2,150,150,148,0
9555644,Y,2,5,5,3,0
9555645,Y,2,3,3,2,0
9555720,Y,2,32,32,30,0
9555721,Y,2,48,48,43,0
9555803,Y,2,5,5,2,0
9555804,Y,2,2,2,0,0
9555885,Y,2,10,10,6,0
9555886,Y,2,13,13,1,0
9555960,Y,2,7,7,5,0
9555961,Y,2,3,3,1,0
9556036,Y,2,47,47,45,0
9556037,Y,2,64,64,62,0
9556163,Y,2,135,135,131,0
9556164,Y,2,24,24,22,0
9556165,Y,2,31,31,29,0
9556290,Y,2,40,40,37,0
9556291,Y,2,73,73,71,0
9556292,Y,2,84,84,82,0
9556418,Y,2,20,20,18,0
9556419,Y,2,21,21,16,0
9556544,Y,2,58,58,54,0
9556545,Y,2,54,54,52,0
9556546,Y,2,58,58,56,0
9556672,Y,2,7,7,3,0
9556673,Y,2,17,17,8,0
9556798,Y,2,51,51,49,0
9556799,Y,2,50,50,45,0
9556800,Y,2,48,48,45,0
9556895,Y,2,153,153,145,0
9556896,Y,2,17,17,8,0
9556897,Y,2,2,2,1,0
9556992,Y,2,53,53,49,0
9556993,Y,2,49,49,37,0
9557068,Y,2,8,8,6,0
9557069,Y,2,9,9,6,0
9557195,Y,2,47,47,45,0
9557196,Y,2,74,74,71,0
9557270,Y,2,3,3,3,0
9557271,Y,2,8,8,5,0
9557350,Y,2,44,44,39,0
9557351,Y,2,69,69,63,0
9557476,Y,2,15,15,11,0
9557477,Y,2,12,12,9,0
9557603,Y,2,35,35,30,0
9557604,Y,2,20,20,15,0
9557730,Y,2,20,20,17,0
9557731,Y,2,8,8,5,0
9557856,Y,2,45,45,44,0
9557857,Y,2,62,62,55,0
9557858,Y,2,40,40,38,0
9557876,Y,2,134,134,132,0
9557887,Y,2,9,9,7,0
9558023,Y,2,45,45,39,0
9558024,Y,2,27,27,18,0
9558149,Y,2,35,35,35,0
9558150,Y,2,35,35,29,0
9558151,Y,2,12,12,9,0
9558225,Y,2,156,156,148,0
9558226,Y,2,13,13,6,0
9558227,Y,2,3,3,0,0
9558301,Y,2,23,23,22,0
9558302,Y,2,23,23,20,0
9558303,Y,2,21,21,19,0
9558381,Y,2,89,89,86,0
9558501,Y,2,52,52,47,0
9558502,Y,2,54,54,50,0
9558627,Y,2,38,38,38,0
9558628,Y,2,21,21,17,0
9558629,Y,2,28,28,25,0
9558764,Y,2,80,80,78,0
9558765,Y,2,55,55,48,0
9558766,Y,2,35,35,32,0
9558891,Y,2,38,38,31,0
9558892,Y,2,29,29,27,0
9558893,Y,2,34,34,33,0
9558948,Y,2,148,148,145,0
9558949,Y,2,41,41,39,0
9558950,Y,2,26,26,24,0
9559005,Y,2,29,29,27,0
9559006,Y,2,37,37,30,0
9559007,Y,2,25,25,19,0
9559133,Y,2,31,31,30,0
9559134,Y,2,35,35,26,0
9559259,Y,2,64,64,59,0
9559260,Y,2,23,23,19,0
9559261,Y,2,48,48,46,0
9559348,Y,2,139,139,137,0
9559349,Y,2,20,20,19,0
9559350,Y,2,3,3,2,0
9559437,Y,2,28,28,26,0
9559438,Y,2,37,37,35,0
9559439,Y,2,32,32,30,0
9559521,Y,2,56,56,52,0
9559522,Y,2,44,44,40,0
9559603,Y,2,56,56,54,0
9559604,Y,2,26,26,21,0
9559605,Y,2,19,19,18,0
9559697,Y,2,38,38,33,0
9559698,Y,2,48,48,43,0
9559814,Y,2,31,31,28,0
9560043,Y,2,27,27,24,0
9560044,Y,2,53,53,45,0
9560045,Y,2,34,34,26,0
9560046,Y,2,57,57,49,0
9560179,Y,2,56,56,56,0
9560180,Y,2,32,32,30,0
9560181,Y,2,70,70,69,0
9560311,Y,2,10,10,7,0
9560312,Y,2,9,9,7,0
9560444,Y,2,47,47,43,0
9560445,Y,2,38,38,36,0
9560523,Y,2,62,62,59,0
9560816,Y,2,15,15,13,0
9560817,Y,2,12,12,10,0
9560942,Y,2,18,18,14,0
9560943,Y,2,27,27,23,0
9560944,Y,2,20,20,12,0
9561019,Y,2,16,16,12,0
9561020,Y,2,35,35,24,0
9561094,Y,2,16,16,13,0
9561095,Y,2,14,14,10,0
9561221,Y,2,90,90,87,0
9561222,Y,2,25,25,19,0
9561223,Y,2,18,18,16,0
9561348,Y,2,10,10,7,0
9561349,Y,2,11,11,7,0
9561350,Y,2,13,13,11,0
9561476,Y,2,101,101,100,0
9561477,Y,2,14,14,11,0
9561603,Y,2,36,36,31,0
9561604,Y,2,20,20,8,0
9561856,Y,2,12,12,9,0
9561857,Y,2,38,38,36,0
9561858,Y,2,10,10,8,0
9561984,Y,2,34,34,30,0
9561985,Y,2,4,4,2,0
9562110,Y,2,64,64,61,0
9562111,Y,2,104,104,100,0
9562112,Y,2,102,102,100,0
9562520,Y,2,52,52,50,0
9562521,Y,2,46,46,38,0
9562647,Y,2,12,12,5,0
9562648,Y,2,16,16,14,0
9562774,Y,2,153,153,150,0
9562775,Y,2,152,152,150,0
9562849,Y,2,38,38,33,0
9562850,Y,2,19,19,18,0
9562977,Y,2,91,91,85,0
9562978,Y,2,21,21,19,0
9563104,Y,2,61,61,58,0
9563105,Y,2,56,56,53,0
9563231,Y,2,31,31,28,0
9563232,Y,2,42,42,39,0
9563357,Y,2,56,56,54,0
9563358,Y,2,43,43,37,0
9563359,Y,2,65,65,62,0
9563485,Y,2,101,101,98,0
9563486,Y,2,80,80,75,0
9563611,Y,2,67,67,65,0
9563612,Y,2,24,24,19,0
9563613,Y,2,23,23,21,0
9563738,Y,2,16,16,13,0
9563739,Y,2,14,14,11,0
9563740,Y,2,6,6,4,0
9563865,Y,2,43,43,40,0
9563866,Y,2,25,25,22,0
9563867,Y,2,39,39,38,0
9563941,Y,2,11,11,8,0
9563942,Y,2,13,13,10,0
9564069,Y,2,44,44,38,0
9564070,Y,2,66,66,65,0
9564196,Y,2,45,45,36,0
9564197,Y,2,24,24,16,0
9564322,Y,2,10,10,8,0
9564323,Y,2,67,67,63,0
9564324,Y,2,10,10,7,0
9564450,Y,2,30,30,24,0
9564451,Y,2,16,16,7,0
9564579,Y,2,136,136,134,0
9564580,Y,2,8,8,5,0
9564705,Y,2,153,153,150,0
9564706,Y,2,153,153,150,0
9564707,Y,2,73,73,71,0
9564833,Y,2,25,25,22,0
9564834,Y,2,14,14,12,0
9564961,Y,2,27,27,26,0
9564962,Y,2,20,20,19,0
9564963,Y,2,11,11,9,0
9565094,Y,2,83,83,80,0
9565095,Y,2,89,89,87,0
9565096,Y,2,22,22,20,0
9565221,Y,2,10,10,6,0
9565222,Y,2,4,4,2,0
9565348,Y,2,6,6,3,0
9565349,Y,2,6,6,2,0
9565350,Y,2,5,5,3,0
9565517,Y,2,105,105,100,0
9565518,Y,2,102,102,100,0
9565695,Y,2,155,155,150,0
9565696,Y,2,157,157,150,0
9565821,Y,2,9,9,6,0
9565822,Y,2,21,21,19,0
9565823,Y,2,21,21,15,0
9565950,Y,2,32,32,30,0
9566202,Y,2,138,138,136,0
9566203,Y,2,24,24,19,0
9566204,Y,2,39,39,37,0
9566330,Y,2,32,32,31,0
9566331,Y,2,11,11,10,0
9566449,Y,2,15,15,11,0
9566450,Y,2,24,24,21,0
9566577,Y,2,20,20,16,0
9566578,Y,2,26,26,25,0
9566704,Y,2,9,9,6,0
9566705,Y,2,19,19,15,0
9567100,Y,2,15,15,10,0
9567101,Y,2,14,14,11,0
9567226,Y,2,57,57,54,0
9567227,Y,2,15,15,13,0
9567228,Y,2,21,21,18,0
9567481,Y,2,10,10,6,0
9567482,Y,2,14,14,7,0
9567607,Y,2,8,8,7,0
9567608,Y,2,18,18,15,0
9567609,Y,2,13,13,11,0
9567734,Y,2,16,16,13,0
9567735,Y,2,21,21,10,0
9567861,Y,2,106,106,100,0
9567862,Y,2,16,16,14,0
9567863,Y,2,39,39,36,0
9567989,Y,2,38,38,33,0
9567990,Y,2,25,25,14,0
9568116,Y,2,22,22,17,0
9568117,Y,2,15,15,13,0
9568242,Y,2,24,24,23,0
9568243,Y,2,27,27,24,0
9568244,Y,2,14,14,12,0
9568369,Y,2,9,9,7,0
9568370,Y,2,17,17,15,0
9568489,Y,2,14,14,9,0
9568490,Y,2,7,7,4,0
9568491,Y,2,6,6,5,0
9568747,Y,2,92,92,90,0
9568748,Y,2,26,26,24,0
9568749,Y,2,13,13,12,0
9568998,Y,2,13,13,10,0
9568999,Y,2,14,14,11,0
9569000,Y,2,13,13,11,0
9569247,Y,2,16,16,12,0
9569248,Y,2,10,10,2,0
9569373,Y,2,22,22,19,0
9569374,Y,2,17,17,13,0
9569375,Y,2,17,17,14,0
9569747,Y,2,83,83,82,0
9569748,Y,2,9,9,8,0
9569749,Y,2,14,14,12,0
9569874,Y,2,24,24,22,0
9569875,Y,2,30,30,21,0
9569876,Y,2,8,8,6,0
9570001,Y,2,32,32,23,0
9570002,Y,2,10,10,2,0
9570003,Y,2,5,5,3,0
9570255,Y,2,22,22,19,0
9570256,Y,2,13,13,9,0
9570257,Y,2,4,4,3,0
9570383,Y,2,22,22,15,0
9570384,Y,2,17,17,6,0
9570510,Y,2,50,50,43,0
9570511,Y,2,35,35,35,0
9570636,Y,2,41,41,39,0
9570637,Y,2,30,30,27,0
9570638,Y,2,24,24,23,0
9570763,Y,2,42,42,37,0
9570764,Y,2,23,23,18,0
9570765,Y,2,10,10,8,0
9570890,Y,2,14,14,12,0
9570891,Y,2,16,16,15,0
9570892,Y,2,9,9,6,0
9571017,Y,2,4,4,2,0
9571018,Y,2,13,13,5,0
9571019,Y,2,2,2,0,0
9571272,Y,2,8,8,5,0
9571273,Y,2,6,6,3,0
9571393,Y,2,7,7,3,0
9571518,Y,2,96,96,94,0
9571519,Y,2,11,11,6,0
9571520,Y,2,10,10,7,0
9571646,Y,2,15,15,7,0
9571647,Y,2,11,11,3,0
9571772,Y,2,96,96,94,0
9571773,Y,2,10,10,4,0
9571774,Y,2,6,6,4,0
9571900,Y,2,15,15,11,0
9571901,Y,2,11,11,9,0
9572020,Y,2,6,6,4,0
9572146,Y,2,6,6,2,0
9572147,Y,2,15,15,13,0
9572148,Y,2,5,5,3,0
9572223,Y,2,39,39,37,0
9572325,Y,2,68,68,66,0
9572326,Y,2,19,19,16,0
9572327,Y,2,15,15,13,0
9572436,Y,2,45,45,42,0
9572437,Y,2,8,8,5,0
9572438,Y,2,19,19,17,0
9572513,Y,2,27,27,22,0
9572514,Y,2,20,20,14,0
9572588,Y,2,31,31,29,0
9572589,Y,2,17,17,14,0
9572590,Y,2,20,20,18,0
9572716,Y,2,9,9,6,0
9572717,Y,2,13,13,4,0
9572969,Y,2,103,103,95,0
9572970,Y,2,13,13,7,0
9572971,Y,2,4,4,1,0
9573097,Y,2,9,9,7,0
9573098,Y,2,10,10,7,0
9573224,Y,2,9,9,5,0
9573225,Y,2,10,10,2,0
9573299,Y,2,10,10,5,0
9573300,Y,2,4,4,2,0
9573376,Y,2,105,105,100,0
9573377,Y,2,10,10,2,0
9573503,Y,2,3,3,2,0
9573504,Y,2,8,8,6,0
9573684,Y,2,12,12,7,0
9573685,Y,2,4,4,3,0
9573821,Y,2,16,16,12,0
9573822,Y,2,5,5,3,0
9573931,Y,2,11,11,9,0
9573932,Y,2,4,4,3,0
9573946,Y,2,106,106,99,0
9574060,Y,2,15,15,11,0
9574061,Y,2,11,11,5,0
9574062,Y,2,5,5,4,0
9574262,Y,2,18,18,16,0
9574263,Y,2,15,15,11,0
9574264,Y,2,8,8,6,0
9574390,Y,2,15,15,9,0
9574391,Y,2,7,7,1,0
9574535,Y,2,26,26,21,0
9574536,Y,2,9,9,5,0
9574661,Y,2,16,16,13,0
9574662,Y,2,8,8,5,0
9574663,Y,2,11,11,9,0
9574864,Y,2,12,12,8,0
9574865,Y,2,4,4,2,0
9574990,Y,2,35,35,33,0
9574991,Y,2,3,3,0,0
9574992,Y,2,10,10,9,0
9575119,Y,2,14,14,12,0
9575246,Y,2,1,1,0,0
9575371,Y,2,26,26,22,0
9575372,Y,2,30,30,25,0
9575373,Y,2,20,20,17,0
9575499,Y,2,32,32,31,0
9575500,Y,2,17,17,15,0
9575625,Y,2,22,22,20,0
9575626,Y,2,22,22,20,0
9575627,Y,2,6,6,4,0
9575864,Y,2,8,8,6,0
9576000,Y,2,17,17,15,0
9576001,Y,2,32,32,28,0
9576127,Y,2,17,17,14,0
9576128,Y,2,25,25,21,0
9576253,Y,2,69,69,66,0
9576254,Y,2,17,17,15,0
9576255,Y,2,22,22,20,0
9576380,Y,2,19,19,12,0
9576381,Y,2,24,24,20,0
9576382,Y,2,23,23,20,0
9576634,Y,2,18,18,15,0
9576635,Y,2,22,22,9,0
9576636,Y,2,22,22,14,0
9576871,Y,2,26,26,24,0
9576872,Y,2,13,13,10,0
9576997,Y,2,19,19,17,0
9576998,Y,2,10,10,7,0
9576999,Y,2,12,12,11,0
9577125,Y,2,108,108,100,0
9577126,Y,2,19,19,15,0
9577246,Y,2,23,23,20,0
9577247,Y,2,17,17,12,0
9577248,Y,2,14,14,12,0
9577495,Y,2,18,18,13,0
9577496,Y,2,12,12,10,0
9577497,Y,2,14,14,12,0
9577622,Y,2,20,20,16,0
9577623,Y,2,32,32,28,0
9577624,Y,2,19,19,17,0
9577743,Y,2,9,9,3,0
9577744,Y,2,10,10,4,0
9577869,Y,2,85,85,82,0
9577870,Y,2,31,31,25,0
9577871,Y,2,21,21,19,0
9577996,Y,2,82,82,80,0
9577997,Y,2,23,23,17,0
9577998,Y,2,16,16,14,0
9578129,Y,2,50,50,47,0
9578130,Y,2,23,23,20,0
9578131,Y,2,8,8,6,0
9578250,Y,2,24,24,16,0
9578251,Y,2,16,16,7,0
9578477,Y,2,26,26,21,0
9578478,Y,2,20,20,17,0
9578598,Y,2,92,92,90,0
9578599,Y,2,20,20,18,0
9578600,Y,2,22,22,20,0
9578720,Y,2,29,29,27,0
9578721,Y,2,10,10,5,0
9578722,Y,2,12,12,11,0
9578971,Y,2,79,79,78,0
9578972,Y,2,85,85,83,0
9578973,Y,2,85,85,83,0
9579083,Y,2,7,7,1,0
9579208,Y,2,12,12,8,0
9579209,Y,2,4,4,0,0
9579588,Y,2,104,104,99,0
9579589,Y,2,102,102,100,0
9579590,Y,2,6,6,5,0
9579715,Y,2,18,18,16,0
9579716,Y,2,31,31,22,0
9579717,Y,2,26,26,24,0
9579833,Y,2,24,24,18,0
9579834,Y,2,7,7,5,0
9579848,Y,2,106,106,99,0
9579953,Y,2,26,26,22,0
9579954,Y,2,2,2,1,0
9580079,Y,2,12,12,6,0
9580080,Y,2,9,9,0,0
9580189,Y,2,91,91,90,0
9580190,Y,2,18,18,13,0
9580191,Y,2,12,12,10,0
9580300,Y,2,34,34,32,0
9580301,Y,2,18,18,12,0
9580302,Y,2,16,16,15,0
9580427,Y,2,31,31,24,0
9580428,Y,2,35,35,28,0
9580429,Y,2,24,24,23,0
9580554,Y,2,18,18,13,0
9580555,Y,2,10,10,8,0
9580556,Y,2,11,11,9,0
9580682,Y,2,21,21,14,0
9580683,Y,2,10,10,1,0
9580936,Y,2,21,21,17,0
9580937,Y,2,19,19,14,0
9581062,Y,2,19,19,19,0
9581063,Y,2,18,18,16,0
9581064,Y,2,8,8,6,0
9581306,Y,2,20,20,18,0
9581307,Y,2,41,41,38,0
9581308,Y,2,17,17,13,0
9581309,Y,2,17,17,15,0
9581310,Y,2,9,9,8,0
9581559,Y,2,44,44,42,0
9581560,Y,2,31,31,28,0
9581561,Y,2,44,44,36,0
9581562,Y,2,23,23,17,0
9581563,Y,2,27,27,26,0
9581564,Y,2,12,12,11,0
9581807,Y,2,34,34,31,0
9581809,Y,2,23,23,15,0
9581811,Y,2,26,26,21,0
9581945,Y,2,23,23,17,0
9581946,Y,2,31,31,22,0
9582034,Y,2,47,47,43,0
9582035,Y,2,19,19,12,0
9582161,Y,2,10,10,2,0
9582162,Y,2,23,23,15,0
9582287,Y,2,35,35,32,0
9582288,Y,2,14,14,12,0
9582289,Y,2,39,39,36,0
9582377,Y,2,39,39,31,0
9582378,Y,2,38,38,36,0
9582379,Y,2,20,20,11,0
9582504,Y,2,14,14,10,0
9582505,Y,2,27,27,25,0
9582506,Y,2,23,23,15,0
9582631,Y,2,38,38,33,0
9582632,Y,2,21,21,14,0
9582633,Y,2,21,21,19,0
9582759,Y,2,17,17,13,0
9582760,Y,2,12,12,3,0
9582885,Y,2,14,14,12,0
9582886,Y,2,9,9,6,0
9582887,Y,2,3,3,2,0
9583012,Y,2,13,13,10,0
9583013,Y,2,12,12,7,0
9583014,Y,2,15,15,12,0
9583139,Y,2,4,4,4,0
9583140,Y,2,15,15,14,0
9583141,Y,2,8,8,6,0
9583267,Y,2,13,13,7,0
9583268,Y,2,15,15,7,0
9583393,Y,2,21,21,19,0
9583394,Y,2,7,7,5,0
9583395,Y,2,11,11,8,0
9583545,Y,2,13,13,6,0
9583546,Y,2,13,13,9,0
9583631,Y,2,26,26,23,0
9583712,Y,2,47,47,45,0
9583713,Y,2,37,37,32,0
9583836,Y,2,16,16,10,0
9583837,Y,2,22,22,14,0
9584080,Y,2,40,40,34,0
9584081,Y,2,44,44,41,0
9584082,Y,2,44,44,41,0
9584206,Y,2,25,25,20,0
9584207,Y,2,6,6,4,0
9584328,Y,2,30,30,25,0
9584329,Y,2,30,30,25,0
9584330,Y,2,27,27,26,0
9584455,Y,2,31,31,24,0
9584456,Y,2,42,42,39,0
9584457,Y,2,15,15,13,0
9584582,Y,2,35,35,33,0
9584583,Y,2,18,18,16,0
9584584,Y,2,12,12,11,0
9584709,Y,2,43,43,40,0
9584710,Y,2,25,25,19,0
9584711,Y,2,24,24,22,0
9584837,Y,2,22,22,18,0
9584838,Y,2,7,7,3,0
9584963,Y,2,33,33,31,0
9584964,Y,2,18,18,15,0
9584965,Y,2,24,24,21,0
9585090,Y,2,24,24,19,0
9585091,Y,2,34,34,28,0
9585092,Y,2,13,13,11,0
9585382,Y,2,20,20,19,0
9585383,Y,2,5,5,3,0
9585508,Y,2,41,41,39,0
9585509,Y,2,31,31,28,0
9585510,Y,2,33,33,30,0
9585635,Y,2,2,2,1,0
9585636,Y,2,9,9,2,0
9585637,Y,2,3,3,1,0
9585762,Y,2,22,22,20,0
9585763,Y,2,14,14,10,0
9585764,Y,2,12,12,10,0
9585890,Y,2,5,5,2,0
9585891,Y,2,8,8,1,0
9585965,Y,2,2,2,0,0
9585966,Y,2,15,15,2,0
9586088,Y,2,18,18,16,0
9586089,Y,2,13,13,12,0
9586090,Y,2,3,3,1,0
9586222,Y,2,5,5,3,0
9586223,Y,2,8,8,4,0
9586224,Y,2,4,4,1,0
9586350,Y,2,3,3,0,0
9586351,Y,2,9,9,8,0
9586477,Y,2,20,20,13,0
9586478,Y,2,12,12,10,0
9586603,Y,2,15,15,10,0
9586604,Y,2,6,6,3,0
9586605,Y,2,6,6,3,0
9586679,Y,2,2,2,0,0
9586680,Y,2,7,7,0,0
9587011,Y,2,5,5,3,0
9587012,Y,2,9,9,6,0
9587186,Y,2,8,8,2,0
9587187,Y,2,5,5,3,0
9587290,Y,2,9,9,6,0
9587291,Y,2,16,16,14,0
9587292,Y,2,10,10,8,0
9587418,Y,2,23,23,18,0
9587419,Y,2,24,24,22,0
9587682,Y,2,20,20,17,0
9587683,Y,2,13,13,9,0
9587684,Y,2,11,11,8,0
9587809,Y,2,17,17,15,0
9587810,Y,2,19,19,13,0
9587811,Y,2,8,8,6,0
9587936,Y,2,17,17,17,0
9587937,Y,2,28,28,23,0
9587938,Y,2,10,10,7,0
9588179,Y,2,18,18,15,0
9588180,Y,2,1,1,0,0
9588181,Y,2,21,21,17,0
9588182,Y,2,3,3,1,0
9588183,Y,2,2,2,0,0
9588184,Y,2,5,5,3,0
9588317,Y,2,15,15,11,0
9588318,Y,2,11,11,6,0
9588319,Y,2,4,4,2,0
9588556,Y,2,31,31,28,0
9588557,Y,2,24,24,22,0
9588558,Y,2,33,33,30,0
9588799,Y,2,153,153,150,0
9588800,Y,2,158,158,149,0
9588801,Y,2,37,37,31,0
9588802,Y,2,39,39,34,0
9588803,Y,2,47,47,46,0
9588804,Y,2,31,31,29,0
9589054,Y,2,69,69,66,0
9589055,Y,2,71,71,67,0
9589056,Y,2,56,56,55,0
9589057,Y,2,44,44,37,0
9589058,Y,2,12,12,11,0
9589350,Y,2,20,20,14,0
9589351,Y,2,8,8,0,0
9589461,Y,2,18,18,11,0
9589462,Y,2,7,7,1,0
9589589,Y,2,19,19,17,0
9589590,Y,2,6,6,3,0
9589591,Y,2,26,26,24,0
9589719,Y,2,14,14,6,0
9589720,Y,2,11,11,0,0
9589846,Y,2,17,17,9,0
9589847,Y,2,20,20,14,0
9589972,Y,2,10,10,7,0
9589973,Y,2,11,11,5,0
9589974,Y,2,13,13,11,0
9590092,Y,2,19,19,17,0
9590093,Y,2,18,18,16,0
9590094,Y,2,11,11,9,0
9590236,Y,2,11,11,9,0
9590237,Y,2,6,6,0,0
9590238,Y,2,17,17,16,0
9590364,Y,2,5,5,1,0
9590365,Y,2,22,22,15,0
9590490,Y,2,23,23,21,0
9590491,Y,2,23,23,19,0
9590492,Y,2,19,19,18,0
9590636,Y,2,116,116,114,0
9590637,Y,2,119,119,117,0
9590638,Y,2,6,6,4,0
9590763,Y,2,156,156,150,0
9590764,Y,2,17,17,12,0
9590765,Y,2,8,8,5,0
9592437,Y,2,156,156,149,0
9592438,Y,2,1,1,0,0
9592439,Y,2,2,2,0,0
9592604,Y,2,158,158,150,0
9592605,Y,2,5,5,0,0
9592606,Y,2,1,1,0,0
9592824,Y,2,159,159,150,0
9592825,Y,2,9,9,0,0
9592826,Y,2,2,2,0,0
9593044,Y,2,156,156,150,0
9593045,Y,2,3,3,0,0
9593046,Y,2,1,1,0,0
9593264,Y,2,4,4,0,0
9593265,Y,2,7,7,0,0
9593518,Y,2,6,6,0,0
9593519,Y,2,2,2,0,0
9594026,Y,2,11,11,0,0
9594027,Y,2,6,6,0,0
9594407,Y,2,6,6,0,0
9594408,Y,2,12,12,0,0
9595169,Y,2,5,5,0,0
9595170,Y,2,7,7,0,0
9595296,Y,2,8,8,0,0
9595297,Y,2,11,11,0,0
9595550,Y,2,6,6,0,0
9595551,Y,2,6,6,0,0
9595677,Y,2,4,4,0,0
9595678,Y,2,8,8,0,0
9595931,Y,2,10,10,0,0
9595932,Y,2,8,8,0,0
9596439,Y,2,3,3,0,0
9596440,Y,2,8,8,0,0
9596566,Y,2,8,8,0,0
9596567,Y,2,7,7,0,0
9596820,Y,2,7,7,0,0
9596821,Y,2,11,11,0,0
9597836,Y,2,5,5,0,0
9597837,Y,2,5,5,0,0
9599868,Y,2,8,8,0,0
9599869,Y,2,7,7,0,0
9600630,Y,2,12,12,0,0
9600631,Y,2,8,8,0,0
9609261,Y,2,39,39,33,0
9609262,Y,2,45,45,36,0
9609417,Y,2,10,10,7,0
9609418,Y,2,15,15,13,0
9609419,Y,2,6,6,4,0
9609551,Y,2,37,37,36,0
9609552,Y,2,17,17,15,0
9610278,Y,2,4,4,0,0
9610279,Y,2,14,14,2,0
9610390,Y,2,9,9,6,0
9610391,Y,2,13,13,7,0
9610392,Y,2,3,3,0,0
9610466,Y,2,37,37,35,0
9610467,Y,2,23,23,19,0
9610468,Y,2,13,13,11,0
9610712,Y,2,152,152,150,0
9610713,Y,2,48,48,43,0
9610714,Y,2,12,12,10,0
9610858,Y,2,15,15,13,0
9610884,Y,2,34,34,28,0
9610993,Y,2,77,77,76,0
9610994,Y,2,11,11,10,0
9611015,Y,2,28,28,26,0
9611016,Y,2,17,17,9,0
9611102,Y,2,10,10,6,0
9611103,Y,2,23,23,14,0
9611222,Y,2,90,90,89,0
9611223,Y,2,116,116,108,0
9611333,Y,2,102,102,100,0
9611736,Y,2,29,29,26,0
9611737,Y,2,28,28,25,0
9611738,Y,2,23,23,21,0
9611812,Y,2,26,26,21,0
9611813,Y,2,35,35,31,0
9611814,Y,2,18,18,16,0
9616871,Y,2,24,24,18,0
9616872,Y,2,18,18,14,0
9633390,Y,2,40,40,34,0
9633391,Y,2,35,35,24,0
9633599,Y,2,51,51,50,0
9633600,Y,2,61,61,58,0
9633601,Y,2,47,47,44,0
9633809,Y,2,31,31,25,0
9633810,Y,2,15,15,11,0
9634018,Y,2,47,47,44,0
9634019,Y,2,71,71,69,0
9634020,Y,2,33,33,31,0
9634228,Y,2,17,17,14,0
9634229,Y,2,37,37,35,0
9634230,Y,2,16,16,14,0
9634438,Y,2,29,29,27,0
9634439,Y,2,21,21,20,0
9634440,Y,2,14,14,10,0
9635648,Y,2,21,21,18,0
9635649,Y,2,12,12,10,0
9635899,Y,2,9,9,2,0
9635900,Y,2,12,12,7,0
9636220,Y,2,10,10,8,0
9636221,Y,2,12,12,8,0
9636222,Y,2,8,8,5,0
9637360,Y,2,6,6,1,0
9637361,Y,2,19,19,16,0
9642734,Y,2,13,13,7,0
9642735,Y,2,13,13,4,0
9643774,Y,2,12,12,8,0
9643775,Y,2,10,10,8,0
9643984,Y,2,5,5,0,0
9643985,Y,2,7,7,0,0
9645300,Y,2,7,7,2,0
9645301,Y,2,9,9,6,0
9645510,Y,2,7,7,3,0
9645511,Y,2,11,11,2,0
9646968,Y,2,22,22,19,0
9646969,Y,2,60,60,54,0
9646970,Y,2,16,16,15,0
9647171,Y,2,8,8,6,0
9647172,Y,2,11,11,9,0
9647173,Y,2,13,13,11,0
9648667,Y,2,158,158,150,0
9648668,Y,2,7,7,1,0
9648669,Y,2,9,9,7,0
9651761,Y,2,28,28,24,0
9651762,Y,2,37,37,30,0
9651763,Y,2,9,9,8,0
9651962,Y,2,32,32,28,0
9651963,Y,2,17,17,16,0
9666468,Y,2,19,19,17,0
9666469,Y,2,34,34,26,0
9666470,Y,2,3,3,1,0
9666678,Y,2,14,14,11,0
9666679,Y,2,10,10,8,0
9666878,Y,2,12,12,8,0
9666879,Y,2,16,16,5,0
9666880,Y,2,10,10,9,0
9667121,Y,2,20,20,18,0
9667122,Y,2,6,6,4,0
9667320,Y,2,5,5,2,0
9667511,Y,2,31,31,29,0
9671778,Y,2,9,9,7,0
9671779,Y,2,2,2,0,0
9675123,Y,2,17,17,12,0
9675124,Y,2,10,10,8,0
9684560,Y,2,27,27,23,0
9684561,Y,2,14,14,7,0
9684762,Y,2,39,39,33,0
9684763,Y,2,39,39,33,0
9684764,Y,2,36,36,25,0
9684965,Y,2,48,48,46,0
9684966,Y,2,13,13,13,0
9684967,Y,2,10,10,8,0
9685168,Y,2,15,15,13,0
9685169,Y,2,5,5,0,0
9685170,Y,2,11,11,6,0
9695322,Y,2,14,14,9,0
9697558,Y,2,24,24,20,0
9697559,Y,2,43,43,34,0
9698159,Y,2,6,6,0,0
9698160,Y,2,9,9,1,0
9699352,Y,2,5,5,3,0
9699353,Y,2,21,21,19,0
9702627,Y,2,7,7,6,0
9702628,Y,2,30,30,19,0
9702837,Y,2,18,18,13,0
9702838,Y,2,7,7,3,0
9703046,Y,2,37,37,35,0
9703047,Y,2,17,17,16,0
9703048,Y,2,7,7,5,0
9703256,Y,2,9,9,5,0
9703257,Y,2,21,21,13,0
9703258,Y,2,7,7,5,0
9703676,Y,2,4,4,2,0
9703677,Y,2,17,17,15,0
9703678,Y,2,11,11,3,0
9703835,Y,2,39,39,33,0
9703938,Y,2,2,2,0,0
9703939,Y,2,19,19,13,0
9703940,Y,2,5,5,4,0
9704042,Y,2,19,19,15,0
9704043,Y,2,21,21,18,0
9704044,Y,2,8,8,6,0
9704157,Y,2,41,41,35,0
9704158,Y,2,32,32,24,0
9704394,Y,2,47,47,45,0
9704395,Y,2,53,53,51,0
9704396,Y,2,40,40,37,0
9704712,Y,2,12,12,5,0
9704713,Y,2,9,9,2,0
9707941,Y,2,14,14,11,0
9707942,Y,2,9,9,6,0
9707943,Y,2,15,15,12,0
9735605,Y,2,5,5,0,0
9735606,Y,2,4,4,0,0
9735607,Y,2,11,11,3,0
9735608,Y,2,10,10,3,0
9736323,Y,2,2,2,0,0
9736324,Y,2,3,3,1,0
9736325,Y,2,3,3,1,0
9736326,Y,2,2,2,0,0
9736327,Y,2,3,3,1,0
9740085,Y,2,14,14,12,0
9740086,Y,2,11,11,10,0
9740087,Y,2,2,2,0,0
9740613,Y,2,21,21,15,0
9740614,Y,2,12,12,8,0
9741525,Y,2,61,61,58,0
9742098,Y,2,43,43,41,0
9742099,Y,2,18,18,14,0
9742100,Y,2,25,25,21,0
9742890,Y,2,27,27,23,0
9742927,Y,2,10,10,9,0
9742928,Y,2,17,17,15,0
9744261,Y,2,43,43,41,0
9744262,Y,2,61,61,55,0
9744263,Y,2,10,10,9,0
9744680,Y,2,47,47,45,0
9744681,Y,2,37,37,33,0
9745010,Y,2,33,33,30,0
9745011,Y,2,55,55,46,0
9745930,Y,2,15,15,12,0
9745931,Y,2,18,18,11,0
9746397,Y,2,12,12,9,0
9746398,Y,2,16,16,12,0
9746446,Y,2,12,12,7,0
9747127,Y,2,67,67,64,0
9747128,Y,2,74,74,68,0
9747384,Y,2,5,5,1,0
9747787,Y,2,53,53,46,0
9747788,Y,2,54,54,43,0
9749480,Y,2,28,28,26,0
9749481,Y,2,20,20,17,0
9750337,Y,2,18,18,16,0
9750338,Y,2,8,8,3,0
9750339,Y,2,12,12,10,0
9750918,Y,2,20,20,17,0
9750919,Y,2,17,17,10,0
9751690,Y,2,6,6,0,0
9751691,Y,2,34,34,31,0
9751692,Y,2,16,16,13,0
9753536,Y,2,64,64,58,0
9753537,Y,2,28,28,23,0
9753538,Y,2,18,18,17,0
9754114,Y,2,102,102,100,0
9754115,Y,2,32,32,21,0
9754167,Y,2,11,11,9,0
9754168,Y,2,20,20,9,0
9757484,Y,2,33,33,32,0
9757485,Y,2,35,35,26,0
9757712,Y,2,11,11,8,0
9757713,Y,2,14,14,9,0
9757714,Y,2,19,19,17,0
9758024,Y,2,6,6,2,0
9758025,Y,2,4,4,1,0
9758371,Y,2,45,45,43,0
9758372,Y,2,51,51,47,0
9758373,Y,2,54,54,51,0
9758837,Y,2,15,15,9,0
9758890,Y,2,3,3,0,0
9760298,Y,2,62,62,58,0
9760299,Y,2,55,55,50,0
9760300,Y,2,68,68,67,0
9760944,Y,2,23,23,20,0
9760945,Y,2,10,10,8,0
9761024,Y,2,64,64,61,0
9761025,Y,2,45,45,40,0
9761484,Y,2,14,14,9,0
9761485,Y,2,6,6,2,0
9762563,Y,2,68,68,65,0
9762564,Y,2,60,60,59,0
9762565,Y,2,23,23,21,0
9764549,Y,2,14,14,12,0
9764550,Y,2,11,11,7,0
9764551,Y,2,19,19,16,0
9764801,Y,2,4,4,0,0
9764802,Y,2,10,10,2,0
9765611,Y,2,16,16,9,0
9765612,Y,2,31,31,28,0
9766389,Y,2,14,14,13,0
9766445,Y,2,7,7,3,0
9766961,Y,2,83,83,78,0
9766962,Y,2,83,83,77,0
9767698,Y,2,10,10,4,0
9767699,Y,2,8,8,5,0
9767872,Y,2,6,6,3,0
9767873,Y,2,17,17,15,0
9767874,Y,2,8,8,7,0
9769086,Y,2,22,22,18,0
9769087,Y,2,18,18,17,0
9769088,Y,2,8,8,6,0
9769277,Y,2,40,40,36,0
9769278,Y,2,34,34,30,0
9769279,Y,2,16,16,6,0
9770093,Y,2,19,19,17,0
9770094,Y,2,8,8,4,0
9770153,Y,2,17,17,14,0
9770154,Y,2,6,6,4,0
9770212,Y,2,4,4,2,0
9770213,Y,2,10,10,3,0
9770214,Y,2,7,7,5,0
9770429,Y,2,4,4,0,0
9770430,Y,2,4,4,1,0
9770431,Y,2,2,2,0,0
9770653,Y,2,16,16,14,0
9770654,Y,2,3,3,1,0
9770655,Y,2,2,2,0,0
9771570,Y,2,6,6,3,0
9771571,Y,2,1,1,0,0
9771572,Y,2,9,9,8,0
9771809,Y,2,30,30,27,0
9771810,Y,2,10,10,9,0
9771811,Y,2,15,15,7,0
9780269,Y,2,3,3,0,0
9780269,J,1,1,1,0,0
9780270,Y,2,3,3,1,0
9780270,J,1,2,2,0,0
9780271,Y,2,2,2,0,0
9780271,J,1,16,16,0,0
9780272,Y,2,5,5,0,0
9780272,J,1,16,16,0,0
9780273,Y,2,7,7,0,0
9780273,J,1,4,4,0,0
9780274,Y,2,2,2,0,0
9780274,J,1,4,4,0,0
9781336,Y,2,3,3,0,0
9781336,J,1,2,2,0,0
9781337,Y,2,10,10,0,0
9781337,J,1,5,5,0,0
9781338,Y,2,3,3,0,0
9781338,J,1,16,16,0,0
9782303,Y,2,8,8,0,0
9782303,J,1,3,3,0,0
9782304,Y,2,8,8,0,0
9782304,J,1,4,4,0,0
9782694,Y,2,3,3,0,0
9782695,Y,2,6,6,0,0
9782696,Y,2,3,3,0,0
9782697,Y,2,13,13,0,0
9782698,Y,2,3,3,0,0
9783413,Y,2,2,2,0,0
9783414,Y,2,4,4,0,0
9783415,Y,2,2,2,0,0
9783416,Y,2,4,4,1,0
9783417,Y,2,2,2,0,0
9783418,Y,2,9,9,0,0
9784102,Y,2,3,3,0,0
9784103,Y,2,5,5,0,0
9784104,Y,2,3,3,0,0
9784463,Y,2,2,2,0,0
9784464,Y,2,4,4,0,0
9784465,Y,2,1,1,0,0
9787658,Y,2,1,1,0,0
9787658,J,1,16,16,0,0
9787659,Y,2,1,1,0,0
9787659,J,1,3,3,0,0
9788018,Y,2,2,2,0,0
9788018,J,1,1,1,0,0
9788019,Y,2,2,2,0,0
9788019,J,1,16,16,0,0
9788377,Y,2,41,41,35,0
9788377,J,1,17,17,14,0
9788378,Y,2,3,3,0,0
9788378,J,1,2,2,0,0
9788379,Y,2,1,1,0,0
9788379,J,1,3,3,0,0
9788738,Y,2,5,5,0,0
9788738,J,1,4,4,0,0
9788739,Y,2,1,1,0,0
9788739,J,1,4,4,0,0
9789097,Y,2,122,122,117,0
9789097,J,1,19,19,16,0
9789098,Y,2,122,122,119,0
9789098,J,1,16,16,0,0
9789099,Y,2,2,2,0,0
9789099,J,1,6,6,0,0
9789457,Y,2,124,124,117,0
9789457,J,1,18,18,16,0
9789458,Y,2,6,6,0,0
9789458,J,1,3,3,0,0
9789817,Y,2,169,169,167,0
9789818,Y,2,4,4,0,0
9789819,Y,2,2,2,0,0
9790177,Y,2,169,169,167,0
9790178,Y,2,1,1,0,0
9790178,J,1,0,0,0,0
9790179,Y,2,3,3,0,0
9790538,Y,2,170,170,167,0
9790539,Y,2,5,5,0,0
9790540,Y,2,1,1,0,0
9790898,Y,2,4,4,0,0
9790899,Y,2,7,7,0,0
9790900,Y,2,2,2,0,0
9791258,Y,2,2,2,0,0
9791258,J,1,1,1,0,0
9791259,Y,2,6,6,0,0
9791259,J,1,2,2,0,0
9791260,Y,2,2,2,0,0
9791260,J,1,16,16,0,0
9791619,Y,2,3,3,0,0
9791619,J,1,1,1,0,0
9791620,Y,2,2,2,0,0
9791620,J,1,3,3,0,0
9573096,Y,2,12,12,7,0
9567988,Y,2,39,39,37,0
9770091,Y,2,150,150,23,0
9501871,Y,2,100,100,12,0
9611221,Y,2,104,104,100,0
9502867,Y,2,150,150,61,0
9502868,Y,2,150,150,15,0
9787654,Y,2,150,143,143,0
9787654,J,1,0,16,16,0
9510563,Y,2,150,150,48,0
9513068,Y,2,150,150,150,0
9505002,Y,2,150,150,42,0
9517714,Y,2,150,150,150,0
9517715,Y,2,0,0,0,0
9573375,Y,2,100,100,100,0
9565946,Y,2,100,100,26,0
9576251,Y,2,100,100,26,0
9575999,Y,2,20,20,17,0
9788734,Y,2,143,143,36,0
9788734,J,1,16,16,16,0
9567859,Y,2,100,100,55,0
9496471,Y,2,0,0,0,0
9496830,Y,2,0,0,0,0
9497290,Y,2,0,0,0,0
9498560,Y,2,0,0,0,0
9499302,Y,2,0,0,0,0
9499812,Y,2,0,0,0,0
9500650,Y,2,0,0,0,0
9502253,Y,2,0,0,0,0
9502743,Y,2,0,0,0,0
9502997,Y,2,0,0,0,0
9503231,Y,2,0,0,0,0
9503307,Y,2,0,0,0,0
9503383,Y,2,0,0,0,0
9503900,Y,2,0,0,0,0
9507118,Y,2,0,0,0,0
9507998,Y,2,0,0,0,0
9508626,Y,2,0,0,0,0
9508880,Y,2,0,0,0,0
9509369,Y,2,0,0,0,0
9512508,Y,2,0,0,0,0
9512950,Y,2,0,0,0,0
9515442,Y,2,0,0,0,0
9522222,Y,2,0,0,0,0
9522716,Y,2,0,0,0,0
9523478,Y,2,0,0,0,0
9524876,Y,2,0,0,0,0
9525737,Y,2,0,0,0,0
9526270,Y,2,0,0,0,0
9526397,Y,2,0,0,0,0
9527455,Y,2,0,0,0,0
9528616,Y,2,0,0,0,0
9528742,Y,2,0,0,0,0
9530976,Y,2,0,0,0,0
9532935,Y,2,0,0,0,0
9535571,Y,2,0,0,0,0
9537367,Y,2,0,0,0,0
9537736,Y,2,0,0,0,0
9538603,Y,2,0,0,0,0
9538984,Y,2,0,0,0,0
9539482,Y,2,0,0,0,0
9539860,Y,2,0,0,0,0
9542204,Y,2,0,0,0,0
9543882,Y,2,0,0,0,0
9545392,Y,2,0,0,0,0
9545632,Y,2,0,0,0,0
9545874,Y,2,0,0,0,0
9546797,Y,2,0,0,0,0
9547078,Y,2,0,0,0,0
9554410,Y,2,0,0,0,0
9557729,Y,2,0,0,0,0
9561475,Y,2,0,0,0,0
9561983,Y,2,0,0,0,0
9562646,Y,2,0,0,0,0
9563230,Y,2,0,0,0,0
9564578,Y,2,0,0,0,0
9564832,Y,2,0,0,0,0
9566329,Y,2,0,0,0,0
9566576,Y,2,0,0,0,0
9571899,Y,2,0,0,0,0
9572189,Y,2,0,0,0,0
9573820,Y,2,0,0,0,0
9574863,Y,2,0,0,0,0
9575498,Y,2,0,0,0,0
9643773,Y,2,0,0,0,0
9645299,Y,2,0,0,0,0
9651961,Y,2,0,0,0,0
9666677,Y,2,0,0,0,0
9675122,Y,2,0,0,0,0
9744018,Y,2,0,0,0,0
9787657,Y,2,0,0,0,0
9787657,J,1,0,0,0,0
9788017,Y,2,0,0,0,0
9788017,J,1,0,0,0,0
9788737,Y,2,0,0,0,0
9788737,J,1,0,0,0,0
9525857,F,3,0,0,0,0
9525857,Y,2,0,0,0,0
9525857,J,1,0,0,0,0
9562522,F,3,0,0,0,0
9562522,Y,2,0,0,0,0
9562522,J,1,0,0,0,0
9515476,F,3,0,0,0,0
9515476,Y,2,0,0,0,0
9515476,J,1,0,0,0,0
9558305,F,3,0,0,0,0
9558305,Y,2,0,0,0,0
9558305,J,1,0,0,0,0
9496474,F,3,0,0,0,0
9496474,Y,2,0,0,0,0
9496474,J,1,0,0,0,0
9532404,F,3,0,0,0,0
9532404,Y,2,0,0,0,0
9532404,J,1,0,0,0,0
9654228,F,3,0,0,0,0
9654228,Y,2,0,0,0,0
9654228,J,1,0,0,0,0
9573933,F,3,0,0,0,0
9573933,Y,2,0,0,0,0
9573933,J,1,0,0,0,0
9542080,F,3,0,0,0,0
9542080,Y,2,0,0,0,0
9542080,J,1,0,0,0,0
9523354,F,3,0,0,0,0
9523354,Y,2,0,0,0,0
9523354,J,1,0,0,0,0
9574993,F,3,0,0,0,0
9574993,Y,2,0,0,0,0
9574993,J,1,0,0,0,0
9571775,F,3,0,0,0,0
9571775,Y,2,0,0,0,0
9571775,J,1,0,0,0,0
9511952,F,3,0,0,0,0
9511952,Y,2,0,0,0,0
9511952,J,1,0,0,0,0
9566205,F,3,0,0,0,0
9566205,Y,2,0,0,0,0
9566205,J,1,0,0,0,0
9666471,F,3,0,0,0,0
9666471,Y,2,0,0,0,0
9666471,J,1,0,0,0,0
9666881,F,3,0,0,0,0
9666881,Y,2,0,0,0,0
9666881,J,1,0,0,0,0
9800161,F,3,0,0,0,0
9800161,Y,2,0,0,0,0
9800161,J,1,0,0,0,0
9800162,F,3,0,0,0,0
9800162,Y,2,0,0,0,0
9800162,J,1,0,0,0,0
9564325,F,3,0,0,0,0
9564325,Y,2,0,0,0,0
9564325,J,1,0,0,0,0
9530852,F,3,0,0,0,0
9530852,Y,2,0,0,0,0
9530852,J,1,0,0,0,0
9531109,F,3,0,0,0,0
9531109,Y,2,0,0,0,0
9531109,J,1,0,0,0,0
9528871,F,3,0,0,0,0
9528871,Y,2,0,0,0,0
9528871,J,1,0,0,0,0
9503310,F,3,0,0,0,0
9503310,Y,2,0,0,0,0
9503310,J,1,0,0,0,0
9545515,F,3,0,0,0,0
9545515,Y,2,0,0,0,0
9545515,J,1,0,0,0,0
9562114,F,3,0,0,0,0
9562114,Y,2,0,0,0,0
9562114,J,1,0,0,0,0
9564708,F,3,0,0,0,0
9564708,Y,2,0,0,0,0
9564708,J,1,0,0,0,0
9538860,F,3,0,0,0,0
9538860,Y,2,0,0,0,0
9538860,J,1,0,0,0,0
9648873,F,3,0,0,0,0
9648873,Y,2,0,0,0,0
9648873,J,1,0,0,0,0
9501161,F,3,0,0,0,0
9501161,Y,2,0,0,0,0
9501161,J,1,0,0,0,0
9531896,F,3,0,0,0,0
9531896,Y,2,0,0,0,0
9531896,J,1,0,0,0,0
9754116,F,3,0,0,0,0
9754116,Y,2,0,0,0,0
9754116,J,1,0,0,0,0
9529183,F,3,0,0,0,0
9529183,Y,2,0,0,0,0
9529183,J,1,0,0,0,0
9675129,F,3,0,0,0,0
9675129,Y,2,0,0,0,0
9675129,J,1,0,0,0,0
9505758,F,3,0,0,0,0
9505758,Y,2,0,0,0,0
9505758,J,1,0,0,0,0
9618251,F,3,0,0,0,0
9618251,Y,2,0,0,0,0
9618251,J,1,0,0,0,0
9548083,F,3,0,0,0,0
9548083,Y,2,0,0,0,0
9548083,J,1,0,0,0,0
9799136,F,3,0,0,0,0
9799136,Y,2,0,0,0,0
9799136,J,1,0,0,0,0
9786148,F,3,0,0,0,0
9786148,Y,2,0,0,0,0
9786148,J,1,0,0,0,0
9786149,F,3,0,0,0,0
9786149,Y,2,0,0,0,0
9786149,J,1,0,0,0,0
9788740,F,3,0,0,0,0
9788740,Y,2,0,0,0,0
9788740,J,1,0,0,0,0
9575628,F,3,0,0,0,0
9575628,Y,2,0,0,0,0
9575628,J,1,0,0,0,0
9740088,F,3,0,0,0,0
9740088,Y,2,0,0,0,0
9740088,J,1,0,0,0,0
9508629,F,3,0,0,0,0
9508629,Y,2,0,0,0,0
9508629,J,1,0,0,0,0
9788020,F,3,0,0,0,0
9788020,Y,2,0,0,0,0
9788020,J,1,0,0,0,0
9524624,F,3,0,0,0,0
9524624,Y,2,0,0,0,0
9524624,J,1,0,0,0,0
9531106,F,3,0,0,0,0
9531106,Y,2,0,0,0,0
9531106,J,1,0,0,0,0
9534982,F,3,0,0,0,0
9534982,Y,2,0,0,0,0
9534982,J,1,0,0,0,0
9800163,F,3,0,0,0,0
9800163,Y,2,0,0,0,0
9800163,J,1,0,0,0,0
9632482,F,3,0,0,0,0
9632482,Y,2,0,0,0,0
9632482,J,1,0,0,0,0
9800164,F,3,0,0,0,0
9800164,Y,2,0,0,0,0
9800164,J,1,0,0,0,0
9635650,F,3,0,0,0,0
9635650,Y,2,0,0,0,0
9635650,J,1,0,0,0,0
9513076,F,3,0,0,0,0
9513076,Y,2,0,0,0,0
9513076,J,1,0,0,0,0
9632616,F,3,0,0,0,0
9632616,Y,2,0,0,0,0
9632616,J,1,0,0,0,0
9563360,F,3,0,0,0,0
9563360,Y,2,0,0,0,0
9563360,J,1,0,0,0,0
9558152,F,3,0,0,0,0
9558152,Y,2,0,0,0,0
9558152,J,1,0,0,0,0
9502002,F,3,0,0,0,0
9502002,Y,2,0,0,0,0
9502002,J,1,0,0,0,0
9561605,F,3,0,0,0,0
9561605,Y,2,0,0,0,0
9561605,J,1,0,0,0,0
9523608,F,3,0,0,0,0
9523608,Y,2,0,0,0,0
9523608,J,1,0,0,0,0
9751693,F,3,0,0,0,0
9751693,Y,2,0,0,0,0
9751693,J,1,0,0,0,0
9505627,F,3,0,0,0,0
9505627,Y,2,0,0,0,0
9505627,J,1,0,0,0,0
9509143,F,3,0,0,0,0
9509143,Y,2,0,0,0,0
9509143,J,1,0,0,0,0
9544012,F,3,0,0,0,0
9544012,Y,2,0,0,0,0
9544012,J,1,0,0,0,0
9664677,F,3,0,0,0,0
9664677,Y,2,0,0,0,0
9664677,J,1,0,0,0,0
9539973,F,3,0,0,0,0
9539973,Y,2,0,0,0,0
9539973,J,1,0,0,0,0
9576637,F,3,0,0,0,0
9576637,Y,2,0,0,0,0
9576637,J,1,0,0,0,0
9532811,F,3,0,0,0,0
9532811,Y,2,0,0,0,0
9532811,J,1,0,0,0,0
9533065,F,3,0,0,0,0
9533065,Y,2,0,0,0,0
9533065,J,1,0,0,0,0
9535236,F,3,0,0,0,0
9535236,Y,2,0,0,0,0
9535236,J,1,0,0,0,0
9566206,F,3,0,0,0,0
9566206,Y,2,0,0,0,0
9566206,J,1,0,0,0,0
9800165,F,3,0,0,0,0
9800165,Y,2,0,0,0,0
9800165,J,1,0,0,0,0
9800166,F,3,0,0,0,0
9800166,Y,2,0,0,0,0
9800166,J,1,0,0,0,0
9535447,F,3,0,0,0,0
9535447,Y,2,0,0,0,0
9535447,J,1,0,0,0,0
9535449,F,3,0,0,0,0
9535449,Y,2,0,0,0,0
9535449,J,1,0,0,0,0
9610469,F,3,0,0,0,0
9610469,Y,2,0,0,0,0
9610469,J,1,0,0,0,0
9528220,F,3,0,0,0,0
9528220,Y,2,0,0,0,0
9528220,J,1,0,0,0,0
9531372,F,3,0,0,0,0
9531372,Y,2,0,0,0,0
9531372,J,1,0,0,0,0
9532020,F,3,0,0,0,0
9532020,Y,2,0,0,0,0
9532020,J,1,0,0,0,0
9532274,F,3,0,0,0,0
9532274,Y,2,0,0,0,0
9532274,J,1,0,0,0,0
9533189,F,3,0,0,0,0
9533189,Y,2,0,0,0,0
9533189,J,1,0,0,0,0
9535106,F,3,0,0,0,0
9535106,Y,2,0,0,0,0
9535106,J,1,0,0,0,0
9535902,F,3,0,0,0,0
9535902,Y,2,0,0,0,0
9535902,J,1,0,0,0,0
9546070,F,3,0,0,0,0
9546070,Y,2,0,0,0,0
9546070,J,1,0,0,0,0
